MULTISKAN PLUS VERSION 2.01

ABS. MEAS.
FILTER   405

ABS.
00. XXX 1900 01:18:55

       1     2     3     4     5     6     7     8     9    10    11    12

A   0.062 0.066 0.072 0.079 0.101 0.125 0.114 0.158 0.163 0.193 0.179 0.245
B   0.058 0.065 0.070 0.074 0.108 0.126 0.128 0.153 0.173 0.194 0.203 0.255
C   0.060 0.066 0.070 0.077 0.107 0.124 0.134 0.137 0.166 0.185 0.200 0.250
D   0.063 0.069 0.075 0.074 0.116 0.110 0.159 0.152 0.163 0.209 0.211 0.274
E   0.061 0.065 0.066 0.071 0.136 0.123 0.121 0.145 0.146 0.180 0.179 0.235
F   0.059 0.060 0.067 0.070 0.102 0.112 0.122 0.144 0.157 0.182 0.184 0.237
G   0.058 0.061 0.063 0.072 0.104 0.117 0.121 0.126 0.155 0.183 0.189 0.236
H   0.082 0.054 0.063 0.066 0.092 0.103 0.110 0.130 0.148 0.164 0.171 0.206