MULTISKAN PLUS VERSION 2.01

ABS. MEAS.
FILTER   405

ABS.
00. XXX 1900 00:58:35

       1     2     3     4     5     6     7     8     9    10    11    12

A   0.381 0.396 0.511 0.526 0.605 0.577 0.677 0.680 0.746 0.763 0.785 0.801
B   0.310 0.405 0.465 0.535 0.629 0.609 0.652 0.760 0.695 0.725 0.749 0.785
C   0.327 0.397 0.488 0.502 0.604 0.602 0.628 0.677 0.713 0.730 0.772 0.933
D   0.310 0.393 0.511 0.511 0.588 0.557 0.675 0.698 0.690 0.712 0.689 0.765
E   0.053 0.054 0.058 0.061 0.072 0.081 0.093 0.102 0.113 0.125 0.133 0.156
F   0.053 0.056 0.058 0.061 0.072 0.083 0.091 0.108 0.114 0.126 0.135 0.158
G   0.053 0.054 0.059 0.062 0.074 0.082 0.093 0.102 0.113 0.124 0.135 0.156
H   0.059 0.055 0.063 0.061 0.070 0.081 0.093 0.107 0.083 0.084 0.093 0.098
