
MULTISKAN PLUS VERSION 2.01

ABS. MEAS.
FILTER   405

ABS.
00. XXX 1900 00:45:16

       1     2     3     4     5     6     7     8     9    10    11    12

A   0.170 0.234 0.308 0.435 0.466 0.492 0.507 0.536 0.617 0.646 0.686 0.709
B   0.050 0.055 0.058 0.089 0.082 0.099 0.113 0.116 0.549 0.593 0.603 0.683
C   0.174 0.231 0.315 0.434 0.410 0.490 0.503 0.572 0.610 0.584 0.667 0.689
D   0.179 0.237 0.314 0.444 0.435 0.462 0.544 0.577 0.621 0.648 0.682 0.692
E   0.053 0.055 0.064 0.074 0.069 0.079 0.094 0.098 0.109 0.118 0.133 0.151
F   0.052 0.054 0.059 0.072 0.069 0.079 0.089 0.101 0.108 0.118 0.128 0.146
G   0.053 0.054 0.058 0.077 0.072 0.081 0.091 0.100 0.117 0.119 0.135 0.154
H   0.054 0.053 0.062 0.074 0.072 0.071 0.091 0.100 0.114 0.121 0.134 0.155
